-2001 HU<-2001 1.000000000 1.000000000
-1000 HU<-1000 1.000000000 1.000000000
-998 HU<-998 1.000000000 1.000000000
-996 HU<-996 1.000000000 1.313423165
-993 HU<-993 0.838464107 1.161535893
-988 HU<-988 0.803740214 1.196259786
-974 HU<-974 0.687346517 1.364762397
-962 HU<-962 0.844675031 1.186389963
-950 HU<-950 0.886853700 1.135775560
-925 HU<-925 0.810098261 1.189901739
-900 HU<-900 0.863931037 1.136068963
-830 HU<-830 0.748503177 1.258893788
-700 HU<-700 0.727880252 1.276371619
-500 HU<-500 0.752617862 1.249880948
-250 HU<-250 0.801660478 1.199939035
-122 HU<-122 0.922622538 1.078605675
-84 HU<-84 0.979937373 1.018354057
-54 HU<-54 0.987278510 1.013630168
-24 HU<-24 0.987616099 1.013268465
8 HU<8 0.987085665 1.013775291
19 HU<19 0.995775243 1.000844951
81 HU<81 0.969892207 1.033453104
120 HU<120 1.021660676 1.010406249
200 HU<200 0.978789136 1.020680592
300 HU<300 0.974694129 1.024799754
400 HU<400 0.975913204 1.023605060
500 HU<500 0.977020222 1.022520182
600 HU<600 0.978029956 1.021530643
700 HU<700 0.978954689 1.020624405
800 HU<800 0.979804720 1.019791374
900 HU<900 0.980588752 1.019023023
1000 HU<1000 0.981314182 1.018312102
1100 HU<1100 0.981987344 1.017652403
1200 HU<1200 0.982613691 1.017038582
1300 HU<1300 0.983197943 1.016466016
1400 HU<1400 0.983744204 1.015930680
1500 HU<1500 0.984256065 1.015429056
1600 HU<1600 0.984736674 1.014958059
2000 HU<2000 0.943275705 1.056440674
2500 HU<2500 1.000000000 1.000000000
