-2001 HU<-2001 1.000000000 1.000000000
-1000 HU<-1000 1.000000000 1.000000000
-998 HU<-998 1.000000000 1.000000000
-996 HU<-996 1.000000000 1.317508666
-993 HU<-993 0.837385691 1.162614309
-988 HU<-988 0.802946353 1.197053647
-974 HU<-974 0.686676225 1.365544404
-962 HU<-962 0.844476684 1.186627979
-950 HU<-950 0.886748486 1.135901816
-925 HU<-925 0.809974804 1.190025196
-900 HU<-900 0.863867665 1.136132335
-830 HU<-830 0.748426780 1.258972432
-700 HU<-700 0.727832743 1.276419871
-500 HU<-500 0.752592481 1.249906585
-250 HU<-250 0.801647452 1.199952165
-122 HU<-122 0.922618636 1.078609639
-84 HU<-84 0.979936455 1.005056972
-54 HU<-54 0.989373814 1.011385199
-24 HU<-24 0.989610390 1.011131725
8 HU<8 0.989118607 1.011606819
19 HU<19 0.996429846 0.992859693
81 HU<81 0.966228893 1.033771107
120 HU<120 1.028450267 1.008469649
200 HU<200 0.982633645 1.016932196
300 HU<300 0.979108382 1.020473786
400 HU<400 0.979946291 1.019652635
500 HU<500 0.980719579 1.018894813
600 HU<600 0.981435444 1.018193265
700 HU<700 0.982100053 1.017541948
800 HU<800 0.982718721 1.016935654
900 HU<900 0.983296052 1.016369869
1000 HU<1000 0.983836055 1.015840666
1100 HU<1100 0.984342238 1.015344607
1200 HU<1200 0.984817680 1.014878673
1300 HU<1300 0.985265100 1.014440202
1400 HU<1400 0.985686904 1.014026834
1500 HU<1500 0.986085231 1.013636474
1600 HU<1600 0.986461988 1.013267252
2000 HU<2000 0.949281115 1.050465291
2500 HU<2500 1.000000000 1.000000000
