 1 0.00000e+00
 2 0.00000e+00
 3 1.33651e-188
 4 1.79404e-95
 5 4.85600e-55
 6 7.97031e-35
 7 1.30042e-23
 8 9.23120e-17
 9 1.62722e-12
10 6.45855e-10
11 3.52298e-08
12 6.61025e-07
13 6.33061e-06
14 3.94973e-05
15 1.68677e-04
16 5.39788e-04
17 1.38776e-03
18 3.02561e-03
19 5.80254e-03
20 1.00488e-02
21 1.60658e-02
22 2.40443e-02
23 3.41039e-02
24 4.62839e-02
25 6.05382e-02
26 7.67535e-02
27 9.48210e-02
28 1.14530e-01
29 1.35641e-01
30 1.58073e-01
31 1.81519e-01
32 2.05675e-01
33 2.30555e-01
34 2.55950e-01
35 2.81578e-01
36 3.07289e-01
37 3.32889e-01
38 3.58421e-01
39 3.83910e-01
40 4.09239e-01
41 4.34215e-01
42 4.58861e-01
43 4.83050e-01
44 5.06808e-01
45 5.30178e-01
46 5.52898e-01
47 5.75131e-01
48 5.96757e-01
49 6.17664e-01
50 6.37956e-01
51 6.57723e-01
52 6.76990e-01
53 6.95508e-01
54 7.13372e-01
55 7.30711e-01
56 7.47372e-01
57 7.63261e-01
58 7.80990e-01
59 8.02834e-01
60 8.21774e-01
61 8.35755e-01
62 8.49063e-01
63 8.61495e-01
64 8.73375e-01
65 8.84680e-01
66 8.95383e-01
67 9.07257e-01
68 9.18702e-01
69 9.28222e-01
70 9.36689e-01
71 9.44018e-01
72 9.50982e-01
73 9.57465e-01
74 9.63441e-01
75 9.68917e-01
76 9.73946e-01
77 9.78562e-01
78 9.82711e-01
79 9.86378e-01
80 9.89638e-01
81 9.92478e-01
82 9.94797e-01
83 9.96689e-01
84 9.98223e-01
85 9.99333e-01
86 1.00000e+00
87 1.00000e+00
88 1.00000e+00
89 1.00000e+00
90 1.00000e+00
91 1.00000e+00
92 1.00000e+00
93 1.00000e+00
94 1.00000e+00
95 1.00000e+00
96 1.00000e+00
97 1.00000e+00
98 1.00000e+00
99 1.00000e+00
100 1.00000e+00
101 1.00000e+00
102 1.00000e+00
103 1.00000e+00
104 1.00000e+00
105 1.00000e+00
106 1.00000e+00
107 1.00000e+00
108 1.00000e+00
109 1.00000e+00
110 1.00000e+00
111 1.00000e+00
112 1.00000e+00
113 1.00000e+00
114 1.00000e+00
115 1.00000e+00
116 1.00000e+00
117 1.00000e+00
118 1.00000e+00
119 1.00000e+00
120 1.00000e+00
121 1.00000e+00
122 1.00000e+00
123 1.00000e+00
124 1.00000e+00
125 1.00000e+00
126 1.00000e+00
127 1.00000e+00
128 1.00000e+00
129 1.00000e+00
130 1.00000e+00
131 1.00000e+00
132 1.00000e+00
133 1.00000e+00
134 1.00000e+00
135 1.00000e+00
136 1.00000e+00
137 1.00000e+00
138 1.00000e+00
139 1.00000e+00
140 1.00000e+00
141 1.00000e+00
142 1.00000e+00
143 1.00000e+00
144 1.00000e+00
145 1.00000e+00
146 1.00000e+00
147 1.00000e+00
148 1.00000e+00
149 1.00000e+00
150 1.00000e+00
