 1 0.00000e+00
 2 0.00000e+00
 3 2.10929e-184
 4 2.56818e-93
 5 9.13134e-54
 6 5.41579e-34
 7 5.00534e-23
 8 2.46901e-16
 9 3.48284e-12
10 1.21700e-09
11 6.12164e-08
12 1.07677e-06
13 9.81046e-06
14 5.87732e-05
15 2.42669e-04
16 7.54429e-04
17 1.89573e-03
18 4.04004e-03
19 7.60429e-03
20 1.29837e-02
21 2.05188e-02
22 3.04058e-02
23 4.26395e-02
24 5.72481e-02
25 7.42720e-02
26 9.34679e-02
27 1.14571e-01
28 1.37418e-01
29 1.61748e-01
30 1.87457e-01
31 2.14252e-01
32 2.41713e-01
33 2.69643e-01
34 2.97853e-01
35 3.26210e-01
36 3.54664e-01
37 3.82922e-01
38 4.11045e-01
39 4.38964e-01
40 4.66397e-01
41 4.93343e-01
42 5.19846e-01
43 5.45802e-01
44 5.70984e-01
45 5.95593e-01
46 6.19485e-01
47 6.42590e-01
48 6.64933e-01
49 6.86441e-01
50 7.07254e-01
51 7.27324e-01
52 7.46629e-01
53 7.65225e-01
54 7.83241e-01
55 8.00537e-01
56 8.16822e-01
57 8.32208e-01
58 8.48006e-01
59 8.65140e-01
60 8.80503e-01
61 8.93078e-01
62 9.04926e-01
63 9.16196e-01
64 9.26800e-01
65 9.36653e-01
66 9.45649e-01
67 9.54587e-01
68 9.62869e-01
69 9.69812e-01
70 9.75868e-01
71 9.81118e-01
72 9.85703e-01
73 9.89488e-01
74 9.92738e-01
75 9.95453e-01
76 9.97583e-01
77 9.99118e-01
78 1.00000e+00
79 1.00000e+00
80 1.00000e+00
81 1.00000e+00
82 1.00000e+00
83 1.00000e+00
84 1.00000e+00
85 1.00000e+00
86 1.00000e+00
87 1.00000e+00
88 1.00000e+00
89 1.00000e+00
90 1.00000e+00
91 1.00000e+00
92 1.00000e+00
93 1.00000e+00
94 1.00000e+00
95 1.00000e+00
96 1.00000e+00
97 1.00000e+00
98 1.00000e+00
99 1.00000e+00
100 1.00000e+00
101 1.00000e+00
102 1.00000e+00
103 1.00000e+00
104 1.00000e+00
105 1.00000e+00
106 1.00000e+00
107 1.00000e+00
108 1.00000e+00
109 1.00000e+00
110 1.00000e+00
111 1.00000e+00
112 1.00000e+00
113 1.00000e+00
114 1.00000e+00
115 1.00000e+00
116 1.00000e+00
117 1.00000e+00
118 1.00000e+00
119 1.00000e+00
120 1.00000e+00
121 1.00000e+00
122 1.00000e+00
123 1.00000e+00
124 1.00000e+00
125 1.00000e+00
126 1.00000e+00
127 1.00000e+00
128 1.00000e+00
129 1.00000e+00
130 1.00000e+00
131 1.00000e+00
132 1.00000e+00
133 1.00000e+00
134 1.00000e+00
135 1.00000e+00
136 1.00000e+00
137 1.00000e+00
138 1.00000e+00
139 1.00000e+00
140 1.00000e+00
141 1.00000e+00
142 1.00000e+00
143 1.00000e+00
144 1.00000e+00
145 1.00000e+00
146 1.00000e+00
147 1.00000e+00
148 1.00000e+00
149 1.00000e+00
150 1.00000e+00
