 1 0.00000e+00
 2 0.00000e+00
 3 6.36218e-185
 4 1.46372e-93
 5 6.87108e-54
 6 4.66735e-34
 7 4.63783e-23
 8 2.37271e-16
 9 3.43607e-12
10 1.22602e-09
11 6.25767e-08
12 1.11459e-06
13 1.02332e-05
14 6.14605e-05
15 2.53836e-04
16 7.87606e-04
17 1.98185e-03
18 4.23001e-03
19 7.97274e-03
20 1.36287e-02
21 2.14872e-02
22 3.18070e-02
23 4.46419e-02
24 5.99753e-02
25 7.77663e-02
26 9.77327e-02
27 1.19667e-01
28 1.43351e-01
29 1.68552e-01
30 1.95133e-01
31 2.22767e-01
32 2.51098e-01
33 2.79874e-01
34 3.08890e-01
35 3.38039e-01
36 3.67300e-01
37 3.96393e-01
38 4.25269e-01
39 4.53822e-01
40 4.81852e-01
41 5.09353e-01
42 5.36350e-01
43 5.62816e-01
44 5.88488e-01
45 6.13489e-01
46 6.37700e-01
47 6.61047e-01
48 6.83599e-01
49 7.05319e-01
50 7.26292e-01
51 7.46442e-01
52 7.65744e-01
53 7.84302e-01
54 8.02219e-01
55 8.19384e-01
56 8.35521e-01
57 8.50688e-01
58 8.65925e-01
59 8.81836e-01
60 8.96200e-01
61 9.08324e-01
62 9.19705e-01
63 9.30452e-01
64 9.40456e-01
65 9.49661e-01
66 9.57951e-01
67 9.65937e-01
68 9.73184e-01
69 9.79125e-01
70 9.84228e-01
71 9.88639e-01
72 9.92306e-01
73 9.95110e-01
74 9.97344e-01
75 9.99000e-01
76 1.00000e+00
77 1.00000e+00
78 1.00000e+00
79 1.00000e+00
80 1.00000e+00
81 1.00000e+00
82 1.00000e+00
83 1.00000e+00
84 1.00000e+00
85 1.00000e+00
86 1.00000e+00
87 1.00000e+00
88 1.00000e+00
89 1.00000e+00
90 1.00000e+00
91 1.00000e+00
92 1.00000e+00
93 1.00000e+00
94 1.00000e+00
95 1.00000e+00
96 1.00000e+00
97 1.00000e+00
98 1.00000e+00
99 1.00000e+00
100 1.00000e+00
101 1.00000e+00
102 1.00000e+00
103 1.00000e+00
104 1.00000e+00
105 1.00000e+00
106 1.00000e+00
107 1.00000e+00
108 1.00000e+00
109 1.00000e+00
110 1.00000e+00
111 1.00000e+00
112 1.00000e+00
113 1.00000e+00
114 1.00000e+00
115 1.00000e+00
116 1.00000e+00
117 1.00000e+00
118 1.00000e+00
119 1.00000e+00
120 1.00000e+00
121 1.00000e+00
122 1.00000e+00
123 1.00000e+00
124 1.00000e+00
125 1.00000e+00
126 1.00000e+00
127 1.00000e+00
128 1.00000e+00
129 1.00000e+00
130 1.00000e+00
131 1.00000e+00
132 1.00000e+00
133 1.00000e+00
134 1.00000e+00
135 1.00000e+00
136 1.00000e+00
137 1.00000e+00
138 1.00000e+00
139 1.00000e+00
140 1.00000e+00
141 1.00000e+00
142 1.00000e+00
143 1.00000e+00
144 1.00000e+00
145 1.00000e+00
146 1.00000e+00
147 1.00000e+00
148 1.00000e+00
149 1.00000e+00
150 1.00000e+00
