 1 0.00000e+00
 2 0.00000e+00
 3 5.49476e-267
 4 1.05732e-134
 5 2.78149e-77
 6 1.45912e-48
 7 1.24167e-32
 8 5.75917e-23
 9 5.79714e-23
10 1.28989e-19
11 1.01294e-15
12 7.38903e-13
13 1.08619e-10
14 5.29074e-09
15 1.06824e-07
16 1.13377e-06
17 7.51591e-06
18 3.48952e-05
19 1.24133e-04
20 3.59011e-04
21 8.82015e-04
22 1.89472e-03
23 3.63518e-03
24 6.38352e-03
25 1.04538e-02
26 1.60958e-02
27 2.35062e-02
28 3.28758e-02
29 4.43123e-02
30 5.79201e-02
31 7.36740e-02
32 9.13905e-02
33 1.10958e-01
34 1.32228e-01
35 1.55061e-01
36 1.79363e-01
37 2.04810e-01
38 2.31374e-01
39 2.58912e-01
40 2.87052e-01
41 3.15693e-01
42 3.44792e-01
43 3.74146e-01
44 4.03406e-01
45 4.32720e-01
46 4.61834e-01
47 4.90585e-01
48 5.18931e-01
49 5.46710e-01
50 5.74038e-01
51 6.00795e-01
52 6.26900e-01
53 6.52378e-01
54 6.77365e-01
55 7.01629e-01
56 7.24717e-01
57 7.46749e-01
58 7.69582e-01
59 7.94560e-01
60 8.17139e-01
61 8.35763e-01
62 8.53436e-01
63 8.70361e-01
64 8.86387e-01
65 9.01366e-01
66 9.15119e-01
67 9.28858e-01
68 9.41652e-01
69 9.52428e-01
70 9.61870e-01
71 9.70089e-01
72 9.77298e-01
73 9.83272e-01
74 9.88419e-01
75 9.92733e-01
76 9.96130e-01
77 9.98585e-01
78 1.00000e+00
79 1.00000e+00
80 1.00000e+00
81 1.00000e+00
82 1.00000e+00
83 1.00000e+00
84 1.00000e+00
85 1.00000e+00
86 1.00000e+00
87 1.00000e+00
88 1.00000e+00
89 1.00000e+00
90 1.00000e+00
91 1.00000e+00
92 1.00000e+00
93 1.00000e+00
94 1.00000e+00
95 1.00000e+00
96 1.00000e+00
97 1.00000e+00
98 1.00000e+00
99 1.00000e+00
100 1.00000e+00
101 1.00000e+00
102 1.00000e+00
103 1.00000e+00
104 1.00000e+00
105 1.00000e+00
106 1.00000e+00
107 1.00000e+00
108 1.00000e+00
109 1.00000e+00
110 1.00000e+00
111 1.00000e+00
112 1.00000e+00
113 1.00000e+00
114 1.00000e+00
115 1.00000e+00
116 1.00000e+00
117 1.00000e+00
118 1.00000e+00
119 1.00000e+00
120 1.00000e+00
121 1.00000e+00
122 1.00000e+00
123 1.00000e+00
124 1.00000e+00
125 1.00000e+00
126 1.00000e+00
127 1.00000e+00
128 1.00000e+00
129 1.00000e+00
130 1.00000e+00
131 1.00000e+00
132 1.00000e+00
133 1.00000e+00
134 1.00000e+00
135 1.00000e+00
136 1.00000e+00
137 1.00000e+00
138 1.00000e+00
139 1.00000e+00
140 1.00000e+00
141 1.00000e+00
142 1.00000e+00
143 1.00000e+00
144 1.00000e+00
145 1.00000e+00
146 1.00000e+00
147 1.00000e+00
148 1.00000e+00
149 1.00000e+00
150 1.00000e+00
