 1 0.00000e+00
 2 3.44695e-56
 3 1.86743e-24
 4 2.29919e-13
 5 1.88172e-08
 6 6.33314e-06
 7 1.79595e-04
 8 1.94342e-03
 9 1.94342e-03
10 1.94343e-03
11 1.94350e-03
12 1.94449e-03
13 1.95187e-03
14 1.99067e-03
15 2.13141e-03
16 2.51643e-03
17 3.37762e-03
18 5.01663e-03
19 7.78990e-03
20 1.20740e-02
21 1.81666e-02
22 2.63650e-02
23 3.68120e-02
24 4.95780e-02
25 6.47156e-02
26 8.20434e-02
27 1.01429e-01
28 1.22721e-01
29 1.45733e-01
30 1.70349e-01
31 1.96290e-01
32 2.23210e-01
33 2.50854e-01
34 2.79012e-01
35 3.07564e-01
36 3.36471e-01
37 3.65436e-01
38 3.94395e-01
39 4.23218e-01
40 4.51688e-01
41 4.79778e-01
42 5.07494e-01
43 5.34794e-01
44 5.61394e-01
45 5.87405e-01
46 6.12686e-01
47 6.37149e-01
48 6.60857e-01
49 6.83758e-01
50 7.05933e-01
51 7.27291e-01
52 7.47801e-01
53 7.67563e-01
54 7.86680e-01
55 8.05031e-01
56 8.22312e-01
57 8.38581e-01
58 8.54950e-01
59 8.72066e-01
60 8.87540e-01
61 9.00617e-01
62 9.12906e-01
63 9.24523e-01
64 9.35348e-01
65 9.45316e-01
66 9.54302e-01
67 9.62965e-01
68 9.70832e-01
69 9.77285e-01
70 9.82832e-01
71 9.87629e-01
72 9.91619e-01
73 9.94672e-01
74 9.97105e-01
75 9.98910e-01
76 1.00000e+00
77 1.00000e+00
78 1.00000e+00
79 1.00000e+00
80 1.00000e+00
81 1.00000e+00
82 1.00000e+00
83 1.00000e+00
84 1.00000e+00
85 1.00000e+00
86 1.00000e+00
87 1.00000e+00
88 1.00000e+00
89 1.00000e+00
90 1.00000e+00
91 1.00000e+00
92 1.00000e+00
93 1.00000e+00
94 1.00000e+00
95 1.00000e+00
96 1.00000e+00
97 1.00000e+00
98 1.00000e+00
99 1.00000e+00
100 1.00000e+00
101 1.00000e+00
102 1.00000e+00
103 1.00000e+00
104 1.00000e+00
105 1.00000e+00
106 1.00000e+00
107 1.00000e+00
108 1.00000e+00
109 1.00000e+00
110 1.00000e+00
111 1.00000e+00
112 1.00000e+00
113 1.00000e+00
114 1.00000e+00
115 1.00000e+00
116 1.00000e+00
117 1.00000e+00
118 1.00000e+00
119 1.00000e+00
120 1.00000e+00
121 1.00000e+00
122 1.00000e+00
123 1.00000e+00
124 1.00000e+00
125 1.00000e+00
126 1.00000e+00
127 1.00000e+00
128 1.00000e+00
129 1.00000e+00
130 1.00000e+00
131 1.00000e+00
132 1.00000e+00
133 1.00000e+00
134 1.00000e+00
135 1.00000e+00
136 1.00000e+00
137 1.00000e+00
138 1.00000e+00
139 1.00000e+00
140 1.00000e+00
141 1.00000e+00
142 1.00000e+00
143 1.00000e+00
144 1.00000e+00
145 1.00000e+00
146 1.00000e+00
147 1.00000e+00
148 1.00000e+00
149 1.00000e+00
150 1.00000e+00
