 1 0.00000e+00
 2 0.00000e+00
 3 1.70972e-260
 4 1.96087e-131
 5 2.07160e-75
 6 2.17950e-47
 7 7.60594e-32
 8 2.05743e-22
 9 2.06711e-22
10 2.63746e-19
11 1.78044e-15
12 1.16997e-12
13 1.59148e-10
14 7.29344e-09
15 1.40426e-07
16 1.43344e-06
17 9.26041e-06
18 4.21226e-05
19 1.47387e-04
20 4.20558e-04
21 1.01631e-03
22 2.15876e-03
23 4.11507e-03
24 7.18284e-03
25 1.16782e-02
26 1.78467e-02
27 2.59056e-02
28 3.60280e-02
29 4.83302e-02
30 6.28976e-02
31 7.96750e-02
32 9.85066e-02
33 1.19234e-01
34 1.41687e-01
35 1.65736e-01
36 1.91305e-01
37 2.18074e-01
38 2.45911e-01
39 2.74624e-01
40 3.03910e-01
41 3.33658e-01
42 3.63799e-01
43 3.94212e-01
44 4.24504e-01
45 4.54727e-01
46 4.84652e-01
47 5.14106e-01
48 5.43098e-01
49 5.71513e-01
50 5.99394e-01
51 6.26584e-01
52 6.52993e-01
53 6.78710e-01
54 7.03837e-01
55 7.28180e-01
56 7.51301e-01
57 7.73245e-01
58 7.95491e-01
59 8.18917e-01
60 8.40235e-01
61 8.58362e-01
62 8.75498e-01
63 8.91787e-01
64 9.07043e-01
65 9.21161e-01
66 9.33948e-01
67 9.46329e-01
68 9.57619e-01
69 9.66918e-01
70 9.74940e-01
71 9.81903e-01
72 9.87714e-01
73 9.92175e-01
74 9.95741e-01
75 9.98394e-01
76 1.00000e+00
77 1.00000e+00
78 1.00000e+00
79 1.00000e+00
80 1.00000e+00
81 1.00000e+00
82 1.00000e+00
83 1.00000e+00
84 1.00000e+00
85 1.00000e+00
86 1.00000e+00
87 1.00000e+00
88 1.00000e+00
89 1.00000e+00
90 1.00000e+00
91 1.00000e+00
92 1.00000e+00
93 1.00000e+00
94 1.00000e+00
95 1.00000e+00
96 1.00000e+00
97 1.00000e+00
98 1.00000e+00
99 1.00000e+00
100 1.00000e+00
101 1.00000e+00
102 1.00000e+00
103 1.00000e+00
104 1.00000e+00
105 1.00000e+00
106 1.00000e+00
107 1.00000e+00
108 1.00000e+00
109 1.00000e+00
110 1.00000e+00
111 1.00000e+00
112 1.00000e+00
113 1.00000e+00
114 1.00000e+00
115 1.00000e+00
116 1.00000e+00
117 1.00000e+00
118 1.00000e+00
119 1.00000e+00
120 1.00000e+00
121 1.00000e+00
122 1.00000e+00
123 1.00000e+00
124 1.00000e+00
125 1.00000e+00
126 1.00000e+00
127 1.00000e+00
128 1.00000e+00
129 1.00000e+00
130 1.00000e+00
131 1.00000e+00
132 1.00000e+00
133 1.00000e+00
134 1.00000e+00
135 1.00000e+00
136 1.00000e+00
137 1.00000e+00
138 1.00000e+00
139 1.00000e+00
140 1.00000e+00
141 1.00000e+00
142 1.00000e+00
143 1.00000e+00
144 1.00000e+00
145 1.00000e+00
146 1.00000e+00
147 1.00000e+00
148 1.00000e+00
149 1.00000e+00
150 1.00000e+00
