 1 0.00000e+00
 2 5.06364e-55
 3 4.60508e-24
 4 3.03883e-13
 5 1.87967e-08
 6 5.54954e-06
 7 1.47781e-04
 8 1.58505e-03
 9 1.58505e-03
10 1.58505e-03
11 1.58511e-03
12 1.58584e-03
13 1.59129e-03
14 1.62004e-03
15 1.72520e-03
16 2.01662e-03
17 2.67095e-03
18 3.93137e-03
19 6.07951e-03
20 9.40745e-03
21 1.41985e-02
22 2.06689e-02
23 2.89848e-02
24 3.92394e-02
25 5.14594e-02
26 6.55939e-02
27 8.15891e-02
28 9.92975e-02
29 1.18524e-01
30 1.39206e-01
31 1.61088e-01
32 1.83874e-01
33 2.07574e-01
34 2.31985e-01
35 2.56826e-01
36 2.81940e-01
37 3.07122e-01
38 3.32403e-01
39 3.57791e-01
40 3.83161e-01
41 4.08307e-01
42 4.33236e-01
43 4.57809e-01
44 4.82043e-01
45 5.05970e-01
46 5.29309e-01
47 5.52221e-01
48 5.74575e-01
49 5.96243e-01
50 6.17329e-01
51 6.37916e-01
52 6.58027e-01
53 6.77395e-01
54 6.96113e-01
55 7.14313e-01
56 7.31828e-01
57 7.48558e-01
58 7.67251e-01
59 7.90311e-01
60 8.10330e-01
61 8.25125e-01
62 8.39222e-01
63 8.52404e-01
64 8.65012e-01
65 8.77021e-01
66 8.88396e-01
67 9.01026e-01
68 9.13209e-01
69 9.23348e-01
70 9.32371e-01
71 9.40184e-01
72 9.47612e-01
73 9.54531e-01
74 9.60911e-01
75 9.66760e-01
76 9.72134e-01
77 9.77067e-01
78 9.81502e-01
79 9.85424e-01
80 9.88910e-01
81 9.91948e-01
82 9.94430e-01
83 9.96456e-01
84 9.98097e-01
85 9.99286e-01
86 1.00000e+00
87 1.00000e+00
88 1.00000e+00
89 1.00000e+00
90 1.00000e+00
91 1.00000e+00
92 1.00000e+00
93 1.00000e+00
94 1.00000e+00
95 1.00000e+00
96 1.00000e+00
97 1.00000e+00
98 1.00000e+00
99 1.00000e+00
100 1.00000e+00
101 1.00000e+00
102 1.00000e+00
103 1.00000e+00
104 1.00000e+00
105 1.00000e+00
106 1.00000e+00
107 1.00000e+00
108 1.00000e+00
109 1.00000e+00
110 1.00000e+00
111 1.00000e+00
112 1.00000e+00
113 1.00000e+00
114 1.00000e+00
115 1.00000e+00
116 1.00000e+00
117 1.00000e+00
118 1.00000e+00
119 1.00000e+00
120 1.00000e+00
121 1.00000e+00
122 1.00000e+00
123 1.00000e+00
124 1.00000e+00
125 1.00000e+00
126 1.00000e+00
127 1.00000e+00
128 1.00000e+00
129 1.00000e+00
130 1.00000e+00
131 1.00000e+00
132 1.00000e+00
133 1.00000e+00
134 1.00000e+00
135 1.00000e+00
136 1.00000e+00
137 1.00000e+00
138 1.00000e+00
139 1.00000e+00
140 1.00000e+00
141 1.00000e+00
142 1.00000e+00
143 1.00000e+00
144 1.00000e+00
145 1.00000e+00
146 1.00000e+00
147 1.00000e+00
148 1.00000e+00
149 1.00000e+00
150 1.00000e+00
