 1 0.00000e+00
 2 1.96994e-55
 3 3.62327e-24
 4 3.08164e-13
 5 2.14407e-08
 6 6.67571e-06
 7 1.81999e-04
 8 1.93594e-03
 9 1.93594e-03
10 1.93594e-03
11 1.93602e-03
12 1.93696e-03
13 1.94393e-03
14 1.98061e-03
15 2.11387e-03
16 2.47999e-03
17 3.29706e-03
18 4.85027e-03
19 7.47588e-03
20 1.15288e-02
21 1.73420e-02
22 2.51608e-02
23 3.50758e-02
24 4.71893e-02
25 6.16188e-02
26 7.82171e-02
27 9.68026e-02
28 1.17273e-01
29 1.39418e-01
30 1.63150e-01
31 1.88228e-01
32 2.14243e-01
33 2.40996e-01
34 2.68294e-01
35 2.95991e-01
36 3.24023e-01
37 3.52081e-01
38 3.80209e-01
39 4.08318e-01
40 4.36109e-01
41 4.63561e-01
42 4.90700e-01
43 5.17407e-01
44 5.43433e-01
45 5.68972e-01
46 5.93858e-01
47 6.18008e-01
48 6.41439e-01
49 6.64062e-01
50 6.86014e-01
51 7.07237e-01
52 7.27700e-01
53 7.47456e-01
54 7.66633e-01
55 7.85080e-01
56 8.02479e-01
57 8.18944e-01
58 8.35876e-01
59 8.54265e-01
60 8.70776e-01
61 8.84308e-01
62 8.97072e-01
63 9.09225e-01
64 9.20673e-01
65 9.31319e-01
66 9.41047e-01
67 9.50721e-01
68 9.59691e-01
69 9.67216e-01
70 9.73783e-01
71 9.79479e-01
72 9.84458e-01
73 9.88570e-01
74 9.92102e-01
75 9.95053e-01
76 9.97370e-01
77 9.99040e-01
78 1.00000e+00
79 1.00000e+00
80 1.00000e+00
81 1.00000e+00
82 1.00000e+00
83 1.00000e+00
84 1.00000e+00
85 1.00000e+00
86 1.00000e+00
87 1.00000e+00
88 1.00000e+00
89 1.00000e+00
90 1.00000e+00
91 1.00000e+00
92 1.00000e+00
93 1.00000e+00
94 1.00000e+00
95 1.00000e+00
96 1.00000e+00
97 1.00000e+00
98 1.00000e+00
99 1.00000e+00
100 1.00000e+00
101 1.00000e+00
102 1.00000e+00
103 1.00000e+00
104 1.00000e+00
105 1.00000e+00
106 1.00000e+00
107 1.00000e+00
108 1.00000e+00
109 1.00000e+00
110 1.00000e+00
111 1.00000e+00
112 1.00000e+00
113 1.00000e+00
114 1.00000e+00
115 1.00000e+00
116 1.00000e+00
117 1.00000e+00
118 1.00000e+00
119 1.00000e+00
120 1.00000e+00
121 1.00000e+00
122 1.00000e+00
123 1.00000e+00
124 1.00000e+00
125 1.00000e+00
126 1.00000e+00
127 1.00000e+00
128 1.00000e+00
129 1.00000e+00
130 1.00000e+00
131 1.00000e+00
132 1.00000e+00
133 1.00000e+00
134 1.00000e+00
135 1.00000e+00
136 1.00000e+00
137 1.00000e+00
138 1.00000e+00
139 1.00000e+00
140 1.00000e+00
141 1.00000e+00
142 1.00000e+00
143 1.00000e+00
144 1.00000e+00
145 1.00000e+00
146 1.00000e+00
147 1.00000e+00
148 1.00000e+00
149 1.00000e+00
150 1.00000e+00
