 1 0.00000e+00
 2 0.00000e+00
 3 1.96836e-268
 4 1.70672e-135
 5 8.55389e-78
 6 6.22214e-49
 7 6.37785e-33
 8 3.38806e-23
 9 3.41222e-23
10 8.47382e-20
11 6.76563e-16
12 5.03564e-13
13 7.53653e-11
14 3.73396e-09
15 7.66514e-08
16 8.26731e-07
17 5.54713e-06
18 2.61723e-05
19 9.42289e-05
20 2.74611e-04
21 6.78886e-04
22 1.46668e-03
23 2.84153e-03
24 5.03635e-03
25 8.29261e-03
26 1.28365e-02
27 1.88743e-02
28 2.65544e-02
29 3.59702e-02
30 4.72228e-02
31 6.02736e-02
32 7.50141e-02
33 9.14879e-02
34 1.09571e-01
35 1.29047e-01
36 1.49761e-01
37 1.71494e-01
38 1.94220e-01
39 2.17901e-01
40 2.42364e-01
41 2.67353e-01
42 2.92815e-01
43 3.18548e-01
44 3.44511e-01
45 3.70684e-01
46 3.96709e-01
47 4.22711e-01
48 4.48493e-01
49 4.73861e-01
50 4.98890e-01
51 5.23642e-01
52 5.48108e-01
53 5.71932e-01
54 5.95192e-01
55 6.18027e-01
56 6.40200e-01
57 6.61555e-01
58 6.85603e-01
59 7.15486e-01
60 7.41606e-01
61 7.61035e-01
62 7.79659e-01
63 7.97175e-01
64 8.14016e-01
65 8.30140e-01
66 8.45488e-01
67 8.62606e-01
68 8.79188e-01
69 8.93046e-01
70 9.05426e-01
71 9.16187e-01
72 9.26453e-01
73 9.36046e-01
74 9.44921e-01
75 9.53082e-01
76 9.60601e-01
77 9.67523e-01
78 9.73764e-01
79 9.79295e-01
80 9.84224e-01
81 9.88530e-01
82 9.92055e-01
83 9.94937e-01
84 9.97278e-01
85 9.98978e-01
86 1.00000e+00
87 1.00000e+00
88 1.00000e+00
89 1.00000e+00
90 1.00000e+00
91 1.00000e+00
92 1.00000e+00
93 1.00000e+00
94 1.00000e+00
95 1.00000e+00
96 1.00000e+00
97 1.00000e+00
98 1.00000e+00
99 1.00000e+00
100 1.00000e+00
101 1.00000e+00
102 1.00000e+00
103 1.00000e+00
104 1.00000e+00
105 1.00000e+00
106 1.00000e+00
107 1.00000e+00
108 1.00000e+00
109 1.00000e+00
110 1.00000e+00
111 1.00000e+00
112 1.00000e+00
113 1.00000e+00
114 1.00000e+00
115 1.00000e+00
116 1.00000e+00
117 1.00000e+00
118 1.00000e+00
119 1.00000e+00
120 1.00000e+00
121 1.00000e+00
122 1.00000e+00
123 1.00000e+00
124 1.00000e+00
125 1.00000e+00
126 1.00000e+00
127 1.00000e+00
128 1.00000e+00
129 1.00000e+00
130 1.00000e+00
131 1.00000e+00
132 1.00000e+00
133 1.00000e+00
134 1.00000e+00
135 1.00000e+00
136 1.00000e+00
137 1.00000e+00
138 1.00000e+00
139 1.00000e+00
140 1.00000e+00
141 1.00000e+00
142 1.00000e+00
143 1.00000e+00
144 1.00000e+00
145 1.00000e+00
146 1.00000e+00
147 1.00000e+00
148 1.00000e+00
149 1.00000e+00
150 1.00000e+00
